当前时间为2023年3月5日11点29分50秒grasp: 
  pose: 
    position: 
      x: 0.13246929839873584
      y: 0.016509181799146247
      z: 0.1655980848846751
    orientation: 
      x: 0.27844874083092386
      y: -0.6499740754289152
      z: 0.27844874083092386
      w: 0.6499740754289152
  q_value: 0.7952563166618347
  grasp_type: 0
  center_px: [772.0, 284.0]
  angle: 2.38028982821553
  depth: 0.1655980848846751
  thumbnail: 
    header: 
      seq: 0
      stamp: 
        secs: 0
        nsecs:         0
      frame_id: ''
    height: 32
    width: 32
    encoding: "32FC1"
    is_bigendian: 0
    step: 128
    data: [117, 147, 152, 62, 142, 120, 148, 62, 59, 223, 143, 62, 59, 223, 143, 62, 242, 210, 141, 62, 200, 37, 143, 62, 238, 125, 146, 62, 109, 231, 251, 61, 109, 231, 251, 61, 109, 231, 251, 61, 99, 208, 253, 61, 220, 125, 255, 61, 117, 147, 24, 62, 117, 147, 24, 62, 117, 147, 24, 62, 117, 147, 24, 62, 117, 147, 24, 62, 117, 147, 24, 62, 117, 147, 24, 62, 117, 147, 24, 62, 117, 147, 24, 62, 117, 147, 24, 62, 117, 147, 24, 62, 117, 147, 24, 62, 217, 206, 247, 61, 217, 206, 247, 61, 217, 206, 247, 61, 203, 30, 248, 61, 35, 219, 249, 61, 35, 219, 249, 61, 207, 62, 252, 61, 182, 243, 253, 61, 246, 145, 151, 62, 252, 6, 151, 62, 170, 241, 146, 62, 59, 223, 143, 62, 23, 217, 142, 62, 118, 241, 144, 62, 238, 125, 146, 62, 182, 243, 253, 61, 27, 212, 253, 61, 99, 208, 253, 61, 99, 208, 253, 61, 109, 231, 251, 61, 117, 147, 24, 62, 117, 147, 24, 62, 117, 147, 24, 62, 117, 147, 24, 62, 117, 147, 24, 62, 117, 147, 24, 62, 117, 147, 24, 62, 117, 147, 24, 62, 117, 147, 24, 62, 117, 147, 24, 62, 117, 147, 24, 62, 117, 147, 24, 62, 117, 147, 24, 62, 217, 206, 247, 61, 203, 30, 248, 61, 35, 219, 249, 61, 35, 219, 249, 61, 109, 231, 251, 61, 182, 243, 253, 61, 0, 0, 0, 62, 117, 147, 152, 62, 117, 147, 152, 62, 6, 129, 149, 62, 170, 241, 146, 62, 63, 104, 143, 62, 63, 104, 143, 62, 43, 135, 150, 62, 0, 0, 0, 62, 170, 17, 0, 62, 9, 23, 254, 61, 160, 165, 253, 61, 117, 147, 24, 62, 117, 147, 24, 62, 117, 147, 24, 62, 182, 243, 253, 61, 0, 0, 0, 62, 117, 147, 24, 62, 117, 147, 24, 62, 117, 147, 24, 62, 117, 147, 24, 62, 117, 147, 24, 62, 117, 147, 24, 62, 117, 147, 24, 62, 117, 147, 24, 62, 117, 147, 24, 62, 203, 30, 248, 61, 35, 219, 249, 61, 35, 219, 249, 61, 109, 231, 251, 61, 182, 243, 253, 61, 182, 243, 253, 61, 182, 243, 253, 61, 145, 144, 151, 62, 51, 12, 152, 62, 80, 141, 151, 62, 25, 4, 150, 62, 188, 116, 147, 62, 225, 122, 148, 62, 168, 21, 149, 62, 207, 23, 1, 62, 170, 17, 0, 62, 147, 24, 4, 62, 117, 147, 24, 62, 117, 147, 24, 62, 117, 147, 24, 62, 136, 63, 250, 61, 182, 243, 253, 61, 182, 243, 253, 61, 0, 0, 0, 62, 117, 147, 24, 62, 117, 147, 24, 62, 117, 147, 24, 62, 117, 147, 24, 62, 117, 147, 24, 62, 117, 147, 24, 62, 117, 147, 24, 62, 52, 92, 20, 62, 35, 219, 249, 61, 35, 219, 249, 61, 109, 231, 251, 61, 134, 66, 252, 61, 182, 243, 253, 61, 182, 243, 253, 61, 182, 243, 253, 61, 145, 20, 152, 62, 98, 16, 152, 62, 80, 141, 151, 62, 80, 141, 151, 62, 43, 135, 150, 62, 6, 129, 149, 62, 6, 129, 149, 62, 37, 6, 1, 62, 74, 12, 2, 62, 147, 24, 4, 62, 147, 24, 4, 62, 117, 147, 24, 62, 155, 155, 255, 61, 182, 243, 253, 61, 182, 243, 253, 61, 109, 231, 251, 61, 35, 219, 249, 61, 166, 194, 255, 61, 117, 147, 24, 62, 117, 147, 24, 62, 117, 147, 24, 62, 117, 147, 24, 62, 117, 147, 24, 62, 117, 147, 24, 62, 117, 147, 24, 62, 35, 219, 249, 61, 109, 231, 251, 61, 134, 66, 252, 61, 134, 66, 252, 61, 182, 243, 253, 61, 63, 86, 254, 61, 0, 0, 0, 62, 117, 147, 152, 62, 135, 22, 153, 62, 117, 147, 152, 62, 73, 148, 151, 62, 117, 147, 152, 62, 36, 18, 151, 62, 238, 12, 150, 62, 80, 122, 147, 62, 74, 12, 2, 62, 74, 12, 2, 62, 74, 12, 2, 62, 147, 24, 4, 62, 117, 147, 24, 62, 182, 243, 253, 61, 109, 231, 251, 61, 19, 170, 251, 61, 35, 219, 249, 61, 109, 231, 251, 61, 250, 113, 1, 62, 117, 147, 24, 62, 117, 147, 24, 62, 117, 147, 24, 62, 117, 147, 24, 62, 117, 147, 24, 62, 117, 147, 24, 62, 109, 231, 251, 61, 134, 66, 252, 61, 134, 66, 252, 61, 182, 243, 253, 61, 182, 243, 253, 61, 0, 0, 0, 62, 0, 0, 0, 62, 172, 28, 154, 62, 135, 22, 153, 62, 154, 153, 153, 62, 135, 22, 153, 62, 117, 147, 152, 62, 135, 22, 153, 62, 178, 137, 152, 62, 74, 12, 2, 62, 74, 12, 2, 62, 111, 18, 3, 62, 147, 24, 4, 62, 147, 24, 4, 62, 169, 226, 3, 62, 117, 147, 24, 62, 199, 36, 252, 61, 199, 36, 252, 61, 109, 231, 251, 61, 109, 231, 251, 61, 109, 231, 251, 61, 117, 147, 24, 62, 117, 147, 24, 62, 117, 147, 24, 62, 117, 147, 24, 62, 117, 147, 24, 62, 117, 147, 24, 62, 182, 243, 253, 61, 134, 66, 252, 61, 182, 243, 253, 61, 182, 243, 253, 61, 247, 89, 254, 61, 0, 0, 0, 62, 37, 6, 1, 62, 209, 34, 155, 62, 190, 159, 154, 62, 154, 153, 153, 62, 154, 153, 153, 62, 197, 144, 153, 62, 135, 22, 153, 62, 56, 33, 153, 62, 93, 196, 153, 62, 86, 1, 4, 62, 111, 18, 3, 62, 71, 205, 3, 62, 179, 199, 3, 62, 162, 57, 0, 62, 117, 147, 24, 62, 92, 182, 253, 61, 109, 231, 251, 61, 35, 219, 249, 61, 35, 219, 249, 61, 109, 231, 251, 61, 117, 147, 24, 62, 117, 147, 24, 62, 117, 147, 24, 62, 117, 147, 24, 62, 117, 147, 24, 62, 117, 147, 24, 62, 117, 147, 24, 62, 182, 243, 253, 61, 182, 243, 253, 61, 182, 243, 253, 61, 247, 89, 254, 61, 37, 6, 1, 62, 35, 67, 2, 62, 8, 172, 156, 62, 227, 165, 155, 62, 172, 28, 154, 62, 172, 28, 154, 62, 154, 153, 153, 62, 135, 22, 153, 62, 56, 33, 153, 62, 135, 22, 153, 62, 86, 14, 173, 62, 111, 18, 3, 62, 37, 6, 1, 62, 37, 6, 1, 62, 173, 30, 0, 62, 173, 30, 0, 62, 117, 147, 24, 62, 117, 147, 24, 62, 117, 147, 24, 62, 117, 147, 24, 62, 117, 147, 24, 62, 117, 147, 24, 62, 117, 147, 24, 62, 117, 147, 24, 62, 117, 147, 24, 62, 117, 147, 24, 62, 117, 147, 24, 62, 182, 243, 253, 61, 182, 243, 253, 61, 182, 243, 253, 61, 0, 0, 0, 62, 0, 0, 0, 62, 37, 6, 1, 62, 74, 12, 2, 62, 246, 40, 156, 62, 246, 40, 156, 62, 252, 25, 155, 62, 233, 18, 154, 62, 233, 18, 154, 62, 135, 22, 153, 62, 135, 22, 153, 62, 24, 199, 157, 62, 24, 199, 157, 62, 86, 14, 173, 62, 37, 6, 1, 62, 44, 98, 1, 62, 210, 36, 1, 62, 37, 6, 1, 62, 117, 147, 24, 62, 117, 147, 24, 62, 117, 147, 24, 62, 117, 147, 24, 62, 117, 147, 24, 62, 117, 147, 24, 62, 117, 147, 24, 62, 117, 147, 24, 62, 117, 147, 24, 62, 117, 147, 24, 62, 117, 147, 24, 62, 119, 157, 255, 61, 182, 243, 253, 61, 0, 0, 0, 62, 0, 0, 0, 62, 217, 54, 0, 62, 217, 54, 0, 62, 74, 12, 2, 62, 27, 47, 157, 62, 8, 172, 156, 62, 246, 40, 156, 62, 190, 159, 154, 62, 154, 153, 153, 62, 154, 153, 153, 62, 135, 22, 153, 62, 179, 178, 153, 62, 197, 229, 157, 62, 86, 14, 173, 62, 131, 231, 5, 62, 44, 98, 1, 62, 10, 248, 3, 62, 117, 147, 24, 62, 117, 147, 24, 62, 117, 147, 24, 62, 117, 147, 24, 62, 184, 30, 5, 62, 184, 30, 5, 62, 117, 147, 24, 62, 117, 147, 24, 62, 117, 147, 24, 62, 117, 147, 24, 62, 117, 147, 24, 62, 117, 147, 24, 62, 117, 147, 24, 62, 0, 0, 0, 62, 0, 0, 0, 62, 0, 0, 0, 62, 0, 0, 0, 62, 74, 12, 2, 62, 111, 18, 3, 62, 27, 47, 157, 62, 27, 47, 157, 62, 246, 40, 156, 62, 227, 165, 155, 62, 172, 28, 154, 62, 154, 153, 153, 62, 154, 153, 153, 62, 143, 180, 153, 62, 86, 14, 173, 62, 86, 14, 173, 62, 221, 36, 6, 62, 147, 24, 4, 62, 111, 18, 3, 62, 111, 18, 3, 62, 117, 147, 24, 62, 117, 147, 24, 62, 184, 30, 5, 62, 184, 30, 5, 62, 184, 30, 5, 62, 111, 18, 3, 62, 117, 147, 24, 62, 117, 147, 24, 62, 117, 147, 24, 62, 117, 147, 24, 62, 117, 147, 24, 62, 117, 147, 24, 62, 37, 6, 1, 62, 0, 0, 0, 62, 0, 0, 0, 62, 74, 12, 2, 62, 111, 18, 3, 62, 111, 18, 3, 62, 27, 47, 157, 62, 27, 47, 157, 62, 27, 47, 157, 62, 68, 154, 155, 62, 209, 34, 155, 62, 172, 28, 154, 62, 143, 180, 153, 62, 240, 36, 153, 62, 86, 14, 173, 62, 166, 136, 160, 62, 221, 36, 6, 62, 147, 24, 4, 62, 93, 93, 4, 62, 184, 30, 5, 62, 118, 242, 3, 62, 37, 6, 1, 62, 184, 30, 5, 62, 184, 30, 5, 62, 111, 18, 3, 62, 111, 18, 3, 62, 74, 12, 2, 62, 117, 147, 24, 62, 117, 147, 24, 62, 117, 147, 24, 62, 117, 147, 24, 62, 37, 6, 1, 62, 37, 6, 1, 62, 0, 0, 0, 62, 74, 12, 2, 62, 74, 12, 2, 62, 74, 12, 2, 62, 111, 18, 3, 62, 27, 47, 157, 62, 106, 36, 157, 62, 124, 35, 157, 62, 246, 40, 156, 62, 209, 34, 155, 62, 209, 34, 155, 62, 190, 159, 154, 62, 240, 36, 153, 62, 86, 14, 173, 62, 162, 214, 159, 62, 221, 36, 6, 62, 221, 36, 6, 62, 91, 220, 5, 62, 221, 36, 6, 62, 221, 36, 6, 62, 117, 147, 24, 62, 229, 128, 6, 62, 184, 30, 5, 62, 184, 30, 5, 62, 74, 12, 2, 62, 74, 12, 2, 62, 74, 12, 2, 62, 117, 147, 24, 62, 117, 147, 24, 62, 117, 147, 24, 62, 117, 147, 24, 62, 0, 0, 0, 62, 74, 12, 2, 62, 74, 12, 2, 62, 74, 12, 2, 62, 222, 207, 1, 62, 112, 224, 4, 62, 167, 51, 156, 62, 124, 35, 157, 62, 124, 35, 157, 62, 8, 172, 156, 62, 246, 40, 156, 62, 209, 34, 155, 62, 209, 34, 155, 62, 190, 159, 154, 62, 86, 14, 173, 62, 86, 14, 173, 62, 86, 14, 173, 62, 119, 250, 4, 62, 205, 100, 4, 62, 221, 36, 6, 62, 184, 30, 5, 62, 184, 30, 5, 62, 117, 147, 24, 62, 147, 24, 4, 62, 43, 241, 4, 62, 216, 65, 3, 62, 74, 12, 2, 62, 74, 12, 2, 62, 107, 63, 2, 62, 117, 147, 24, 62, 117, 147, 24, 62, 117, 147, 24, 62, 74, 12, 2, 62, 111, 18, 3, 62, 111, 18, 3, 62, 182, 72, 2, 62, 218, 136, 2, 62, 218, 136, 2, 62, 227, 165, 155, 62, 8, 172, 156, 62, 142, 34, 157, 62, 38, 20, 157, 62, 8, 172, 156, 62, 246, 40, 156, 62, 246, 40, 156, 62, 59, 57, 156, 62, 86, 14, 173, 62, 86, 14, 173, 62, 111, 156, 158, 62, 176, 62, 4, 62, 205, 100, 4, 62, 221, 36, 6, 62, 141, 72, 5, 62, 221, 36, 6, 62, 221, 36, 6, 62, 117, 147, 24, 62, 252, 71, 4, 62, 252, 71, 4, 62, 111, 18, 3, 62, 139, 114, 2, 62, 117, 147, 24, 62, 117, 147, 24, 62, 117, 147, 24, 62, 243, 179, 19, 62, 218, 70, 2, 62, 111, 18, 3, 62, 111, 18, 3, 62, 147, 24, 4, 62, 147, 24, 4, 62, 184, 30, 5, 62, 227, 165, 155, 62, 246, 40, 156, 62, 189, 137, 157, 62, 95, 55, 156, 62, 95, 55, 156, 62, 8, 172, 156, 62, 8, 172, 156, 62, 8, 172, 156, 62, 89, 210, 158, 62, 86, 14, 173, 62, 76, 55, 9, 62, 76, 55, 9, 62, 97, 191, 8, 62, 117, 147, 24, 62, 117, 147, 24, 62, 6, 129, 21, 62, 221, 36, 6, 62, 221, 36, 6, 62, 117, 147, 24, 62, 184, 30, 5, 62, 233, 148, 20, 62, 117, 147, 24, 62, 78, 60, 8, 62, 117, 147, 24, 62, 117, 147, 24, 62, 218, 70, 2, 62, 218, 70, 2, 62, 111, 18, 3, 62, 147, 24, 4, 62, 147, 24, 4, 62, 183, 88, 4, 62, 221, 102, 6, 62, 193, 84, 157, 62, 19, 145, 156, 62, 159, 157, 156, 62, 246, 40, 156, 62, 95, 187, 156, 62, 164, 79, 157, 62, 77, 188, 156, 62, 8, 172, 156, 62, 59, 65, 157, 62, 189, 203, 157, 62, 39, 49, 8, 62, 39, 49, 8, 62, 135, 120, 6, 62, 117, 147, 24, 62, 117, 147, 24, 62, 117, 147, 24, 62, 221, 36, 6, 62, 221, 36, 6, 62, 221, 36, 6, 62, 117, 147, 24, 62, 117, 147, 24, 62, 117, 147, 24, 62, 117, 147, 24, 62, 117, 147, 24, 62, 117, 147, 24, 62, 117, 147, 24, 62, 147, 24, 4, 62, 147, 24, 4, 62, 147, 24, 4, 62, 183, 88, 4, 62, 221, 36, 6, 62, 2, 43, 7, 62, 63, 53, 158, 62, 207, 235, 157, 62, 159, 157, 156, 62, 8, 172, 156, 62, 114, 194, 157, 62, 164, 79, 157, 62, 63, 53, 158, 62, 45, 178, 157, 62, 86, 14, 173, 62, 86, 14, 173, 62, 53, 225, 7, 62, 39, 49, 8, 62, 39, 49, 8, 62, 221, 36, 6, 62, 117, 147, 24, 62, 24, 62, 21, 62, 24, 62, 21, 62, 221, 36, 6, 62, 221, 36, 6, 62, 117, 147, 24, 62, 117, 147, 24, 62, 117, 147, 24, 62, 117, 147, 24, 62, 117, 147, 24, 62, 117, 147, 24, 62, 146, 158, 19, 62, 219, 86, 4, 62, 219, 86, 4, 62, 183, 88, 4, 62, 221, 36, 6, 62, 2, 43, 7, 62, 2, 43, 7, 62, 27, 47, 157, 62, 63, 53, 158, 62, 87, 56, 161, 62, 237, 91, 159, 62, 237, 91, 159, 62, 82, 184, 158, 62, 82, 184, 158, 62, 100, 59, 159, 62, 59, 197, 157, 62, 86, 14, 173, 62, 2, 43, 7, 62, 2, 43, 7, 62, 39, 49, 8, 62, 39, 49, 8, 62, 58, 122, 9, 62, 117, 147, 24, 62, 117, 147, 24, 62, 42, 251, 20, 62, 117, 147, 24, 62, 117, 147, 24, 62, 117, 147, 24, 62, 117, 147, 24, 62, 117, 147, 24, 62, 117, 147, 24, 62, 117, 147, 24, 62, 219, 86, 4, 62, 219, 86, 4, 62, 184, 30, 5, 62, 221, 36, 6, 62, 221, 36, 6, 62, 2, 43, 7, 62, 2, 43, 7, 62, 205, 73, 159, 62, 224, 80, 160, 62, 193, 202, 161, 62, 106, 245, 160, 62, 156, 196, 160, 62, 151, 208, 159, 62, 133, 209, 159, 62, 100, 59, 159, 62, 97, 79, 159, 62, 86, 14, 173, 62, 2, 43, 7, 62, 179, 86, 7, 62, 2, 43, 7, 62, 107, 90, 7, 62, 107, 90, 7, 62, 117, 147, 24, 62, 117, 147, 24, 62, 117, 147, 24, 62, 117, 147, 24, 62, 117, 147, 24, 62, 117, 147, 24, 62, 117, 147, 24, 62, 117, 147, 24, 62, 117, 147, 24, 62, 117, 147, 24, 62, 117, 147, 24, 62, 184, 30, 5, 62, 221, 36, 6, 62, 221, 36, 6, 62, 2, 43, 7, 62, 2, 43, 7, 62, 39, 49, 8, 62, 156, 196, 160, 62, 193, 202, 161, 62, 193, 202, 161, 62, 211, 77, 162, 62, 123, 178, 160, 62, 123, 178, 160, 62, 137, 65, 160, 62, 137, 65, 160, 62, 137, 65, 160, 62, 137, 65, 160, 62, 94, 186, 9, 62, 2, 43, 7, 62, 2, 43, 7, 62, 2, 43, 7, 62, 108, 98, 8, 62, 76, 55, 9, 62, 117, 147, 24, 62, 117, 147, 24, 62, 117, 147, 24, 62, 117, 147, 24, 62, 117, 147, 24, 62, 117, 147, 24, 62, 117, 147, 24, 62, 117, 147, 24, 62, 117, 147, 24, 62, 221, 36, 6, 62, 221, 36, 6, 62, 221, 36, 6, 62, 2, 43, 7, 62, 2, 43, 7, 62, 39, 49, 8, 62, 39, 49, 8, 62, 187, 140, 159, 62, 193, 202, 161, 62, 211, 77, 162, 62, 211, 77, 162, 62, 193, 202, 161, 62, 156, 196, 160, 62, 174, 71, 161, 62, 156, 196, 160, 62, 116, 86, 160, 62, 135, 93, 161, 62, 86, 14, 173, 62, 165, 232, 7, 62, 2, 43, 7, 62, 39, 49, 8, 62, 39, 49, 8, 62, 76, 55, 9, 62, 73, 108, 9, 62, 117, 147, 24, 62, 117, 147, 24, 62, 117, 147, 24, 62, 117, 147, 24, 62, 117, 147, 24, 62, 117, 147, 24, 62, 117, 147, 24, 62, 117, 147, 24, 62, 184, 96, 5, 62, 184, 96, 5, 62, 2, 43, 7, 62, 2, 43, 7, 62, 2, 43, 7, 62, 2, 43, 7, 62, 39, 49, 8, 62, 187, 140, 159, 62, 24, 226, 162, 62, 211, 77, 162, 62, 211, 77, 162, 62, 193, 202, 161, 62, 174, 71, 161, 62, 193, 202, 161, 62, 193, 202, 161, 62, 193, 202, 161, 62, 86, 14, 173, 62, 86, 14, 173, 62, 144, 96, 8, 62, 218, 116, 11, 62, 39, 49, 8, 62, 39, 49, 8, 62, 76, 55, 9, 62, 74, 116, 10, 62, 45, 210, 10, 62, 117, 147, 24, 62, 117, 147, 24, 62, 117, 147, 24, 62, 117, 147, 24, 62, 117, 147, 24, 62, 117, 147, 24, 62, 113, 239, 19, 62, 113, 49, 20, 62, 2, 43, 7, 62, 2, 43, 7, 62, 2, 43, 7, 62, 2, 43, 7, 62, 39, 49, 8, 62, 76, 55, 9, 62, 24, 226, 162, 62, 229, 208, 162, 62, 229, 208, 162, 62, 197, 58, 162, 62, 174, 71, 161, 62, 193, 202, 161, 62, 193, 202, 161, 62, 193, 202, 161, 62, 153, 100, 162, 62, 96, 123, 162, 62, 86, 14, 173, 62, 150, 67, 11, 62, 113, 61, 10, 62, 85, 221, 10, 62, 113, 61, 10, 62, 74, 116, 10, 62, 113, 61, 10, 62, 45, 210, 10, 62, 235, 60, 14, 62, 117, 147, 24, 62, 117, 147, 24, 62, 117, 147, 24, 62, 117, 147, 24, 62, 117, 147, 24, 62, 117, 147, 24, 62, 185, 104, 6, 62, 2, 43, 7, 62, 2, 43, 7, 62, 2, 43, 7, 62, 39, 49, 8, 62, 76, 55, 9, 62, 76, 55, 9, 62, 10, 215, 163, 62, 248, 83, 163, 62, 248, 83, 163, 62, 211, 77, 162, 62, 193, 202, 161, 62, 193, 202, 161, 62, 174, 71, 161, 62, 153, 100, 162, 62, 153, 100, 162, 62, 248, 83, 163, 62, 86, 14, 173, 62, 178, 163, 10, 62, 178, 163, 10, 62, 113, 61, 10, 62, 150, 67, 11, 62, 150, 67, 11, 62, 226, 10, 11, 62, 113, 61, 10, 62, 117, 147, 24, 62, 117, 147, 24, 62, 117, 147, 24, 62, 117, 147, 24, 62, 117, 147, 24, 62, 117, 147, 24, 62, 2, 43, 7, 62, 2, 43, 7, 62, 2, 43, 7, 62, 2, 43, 7, 62, 39, 49, 8, 62, 0, 236, 8, 62, 0, 236, 8, 62, 76, 55, 9, 62, 24, 102, 163, 62, 29, 90, 164, 62, 248, 83, 163, 62, 248, 83, 163, 62, 193, 202, 161, 62, 156, 196, 160, 62, 135, 225, 161, 62, 135, 225, 161, 62, 248, 83, 163, 62, 116, 146, 165, 62, 86, 14, 173, 62, 150, 67, 11, 62, 190, 20, 12, 62, 150, 67, 11, 62, 226, 18, 12, 62, 74, 124, 11, 62, 186, 73, 12, 62, 150, 67, 11, 62, 113, 61, 10, 62, 185, 123, 10, 62, 117, 147, 24, 62, 117, 147, 24, 62, 117, 147, 24, 62, 143, 153, 20, 62, 2, 43, 7, 62, 2, 43, 7, 62, 2, 43, 7, 62, 39, 49, 8, 62, 0, 236, 8, 62, 0, 236, 8, 62, 76, 55, 9, 62, 80, 134, 9, 62, 43, 109, 164, 62, 47, 221, 164, 62, 25, 110, 164, 62, 248, 83, 163, 62, 31, 62, 163, 62, 174, 71, 161, 62, 251, 179, 161, 62, 98, 95, 161, 62, 229, 208, 162, 62, 154, 240, 163, 62, 86, 14, 173, 62, 48, 65, 152, 62, 150, 67, 11, 62, 150, 67, 11, 62, 255, 180, 11, 62, 186, 73, 12, 62, 186, 73, 12, 62, 186, 73, 12, 62, 78, 5, 11, 62, 150, 67, 11, 62, 150, 67, 11, 62, 117, 147, 24, 62, 117, 147, 24, 62, 223, 118, 8, 62, 223, 118, 8, 62, 153, 251, 6, 62, 39, 49, 8, 62, 39, 49, 8, 62, 0, 236, 8, 62, 76, 55, 9, 62, 76, 55, 9, 62, 76, 55, 9, 62, 66, 96, 165, 62, 47, 221, 164, 62, 84, 227, 165, 62, 66, 96, 165, 62, 248, 83, 163, 62, 248, 83, 163, 62, 13, 179, 161, 62, 193, 202, 161, 62, 193, 202, 161, 62, 229, 208, 162, 62, 168, 237, 166, 62, 186, 73, 12, 62, 186, 73, 12, 62, 74, 124, 11, 62, 186, 73, 12, 62, 186, 73, 12, 62, 186, 73, 12, 62, 186, 73, 12, 62, 150, 67, 11, 62, 150, 67, 11, 62, 117, 147, 24, 62, 117, 147, 24, 62, 117, 147, 24, 62, 117, 147, 24, 62, 117, 147, 24, 62, 76, 55, 9, 62, 39, 49, 8, 62, 39, 49, 8, 62, 76, 55, 9, 62, 76, 55, 9, 62, 76, 55, 9, 62, 113, 61, 10, 62, 62, 116, 165, 62, 62, 248, 165, 62, 44, 249, 165, 62, 121, 233, 166, 62, 142, 204, 165, 62, 68, 60, 163, 62, 154, 108, 163, 62, 193, 202, 161, 62, 193, 202, 161, 62, 193, 202, 161, 62, 77, 44, 166, 62, 86, 14, 173, 62, 223, 79, 13, 62, 186, 73, 12, 62, 186, 73, 12, 62, 186, 73, 12, 62, 186, 73, 12, 62, 186, 73, 12, 62, 150, 67, 11, 62, 186, 73, 12, 62, 117, 147, 24, 62, 117, 147, 24, 62, 117, 147, 24, 62, 117, 147, 24, 62, 117, 147, 24, 62, 117, 147, 24, 62, 76, 55, 9, 62, 76, 55, 9, 62, 76, 55, 9, 62, 76, 55, 9, 62, 113, 61, 10, 62, 113, 61, 10, 62, 81, 123, 166, 62, 81, 255, 166, 62, 63, 0, 167, 62, 121, 233, 166, 62, 248, 124, 164, 62, 34, 53, 166, 62, 154, 108, 163, 62, 248, 83, 163, 62, 193, 202, 161, 62, 13, 154, 162, 62, 13, 154, 162, 62, 86, 14, 173, 62, 186, 73, 12, 62, 186, 73, 12, 62, 186, 73, 12, 62, 186, 73, 12, 62, 186, 73, 12, 62, 186, 73, 12, 62, 186, 73, 12, 62, 2, 194, 11, 62, 113, 61, 10, 62, 117, 147, 24, 62, 117, 147, 24, 62, 117, 147, 24, 62, 117, 147, 24, 62, 117, 147, 24, 62, 117, 147, 24, 62, 150, 67, 11, 62, 150, 67, 11, 62, 150, 67, 11, 62, 81, 150, 11, 62, 186, 73, 12, 62, 81, 255, 166, 62, 81, 255, 166, 62, 121, 233, 166, 62, 215, 84, 167, 62, 27, 2, 167, 62, 27, 2, 167, 62, 66, 96, 165, 62, 229, 208, 162, 62, 229, 208, 162, 62, 26, 99, 161, 62, 98, 213, 165, 62, 86, 14, 173, 62, 86, 14, 173, 62, 186, 73, 12, 62, 90, 230, 21, 62, 186, 73, 12, 62, 186, 73, 12, 62, 186, 73, 12, 62, 186, 255, 10, 62, 113, 61, 10, 62, 113, 61, 10, 62, 138, 39, 14, 62, 117, 147, 24, 62, 117, 147, 24, 62, 117, 147, 24, 62, 117, 147, 24, 62, 150, 67, 11, 62, 150, 67, 11, 62, 150, 67, 11, 62, 81, 150, 11, 62, 81, 150, 11, 62, 150, 67, 11, 62]